5.0
5.0
5.0
5.0
5.0
5.0
5.0
5.0
5.0
5.0
5.0
5.0
4.2
4.2
4.2
4.2
4.2
4.2
4.2
4.2
5.08
5.08
5.08
5.08
5.08
5.08
5.08
5.08
5.08
5.08
5.08
5.08
5.08
5.08
5.08
5.08
5.08
5.08
5.08
5.08
5.08
5.08
5.08
5.08
5.08
5.08
5.63
5.63
5.63
5.63
5.63
5.63
5.63
5.11
5.11
5.11
5.11
5.11
5.11
5.11
4.7
4.7
4.7
4.7
4.7
4.7
4.7
4.7
4.7
4.7
4.7
4.7
4.7
4.7
4.7
4.7
4.7
4.7
4.7
4.7
4.7
4.7
4.7
4.7
4.7
4.7
4.7
4.42
4.37
4.37
4.37
4.37
4.37
4.37
4.37
4.37
4.37
4.37
4.37
4.14
4.14
4.14
4.14
4.14
4.14
4.14
4.14
4.14
4.14
4.14
4.14
4.14
4.14
4.14
4.14
4.14
4.14
4.14
4.14
4.14
4.14
4.14
4.14
4.14
4.14
4.14
4.14
4.14
4.14
4.14
4.14
4.14
4.14
4.14
4.14
4.14
4.14
4.14
4.14
4.14
3.94
3.76
3.76
3.61
3.61
3.61
3.61
3.61
3.61
3.61
3.61
3.61
3.61
3.61
3.61
3.61
3.61
3.61
3.61
3.61
3.61
3.61
3.61
3.61
3.61
3.61
3.61
3.61
3.61
3.61
3.61
3.61
3.61
3.61
3.61
4.0
4.0
4.0
4.0
4.0
4.0
4.0
4.0
3.87
3.87
3.87
3.87
3.87
3.87
3.87
3.87
3.87
3.87
3.87
3.87
3.87
3.87
3.87
3.87
3.87
3.87
3.87
3.87
3.87
3.87
3.87
3.87
3.87
3.87
3.87
3.87
3.87
3.87
3.87
3.75
3.75
3.75
3.75
3.75
3.75
3.75
3.75
3.75
3.75
3.75
3.75
3.88
3.88
3.88
3.88
3.88
3.88
3.88
3.88
3.88
3.88
3.88
3.88
3.88
3.88
3.88
3.88
3.88
3.88
3.88
3.88
3.88
3.88
3.88
3.88
3.88
3.88
3.88
3.88
3.88
3.88
3.88
3.88
3.88
3.88
3.88
3.88
3.88
3.88
3.88
3.88
3.88
3.88
3.88
3.88
3.88
3.88
3.88
3.88
3.88
3.88
4.0
4.0
4.0
4.0
4.0
4.0
4.0
4.0
4.0
4.0
4.0
4.0
4.0
4.0
3.9
3.9
3.9
3.93
3.93
3.93
3.93
3.93
3.93
3.93
3.93
3.93
4.07
4.07
4.07
4.07
4.07
4.07
4.07
4.07
4.07
4.19
4.19
4.19
4.19
4.19
4.19
4.19
4.19
4.19
4.19
4.19
4.19
4.19
4.19
4.19
4.19
4.19
4.19
4.19
4.19
4.19
4.22
4.22
4.22
4.22
4.22
4.22
4.22
4.22
4.22
4.22
4.22
4.22
4.22
4.22
4.22
4.22
4.22
4.22
4.12
4.12
4.12
4.12
4.12
4.12
4.12
4.12
4.12
4.12
4.12
4.12
4.12
4.12
4.12
4.12
4.12
4.12
4.12
4.12
4.12
4.12
4.12
4.12
4.12
4.12
4.12
4.12
4.12
4.12
4.12
4.12
4.12
4.12
4.12
4.12
4.12
4.12
4.12
4.12
4.12
4.12
4.12
4.12
4.12
4.12
4.12
4.12
4.12
4.12
4.12
4.12
4.12
4.12
4.12
4.12
4.12
4.12
4.12
4.12
4.12
4.12
4.12
4.12
4.12
4.12
4.12
4.12
4.12
4.12
4.12
4.12
4.12
4.12
4.12
4.12
4.12
4.12
4.12
4.12
4.12
4.12
4.12
4.12
4.12
4.23
4.23
4.23
4.23
4.23
4.23
4.23
4.23
4.23
4.23
4.23
4.23
4.23
4.23
4.23
4.23
4.23
4.23
4.23
4.23
4.23
4.23
4.23
4.23
4.23
4.23
4.23
4.23
4.23
4.23
4.23
4.23
4.23
4.23
4.23
4.23
4.23
4.23
4.23
4.23
4.23
4.23
4.23
4.23
4.23
4.23
4.23
4.23
4.23
4.23
4.23
4.23
4.23
4.23
4.23
4.23
4.23
4.23
4.23
4.23
4.23
4.23
4.23
4.23
4.2
4.2
4.2
4.2
4.2
4.2
4.2
4.2
4.2
4.2
4.2
4.2
4.2
4.2
4.2
4.2
4.2
4.2
4.2
4.2
4.2
4.2
4.2
4.2
4.2
4.2
4.2
4.2
4.2
4.2
4.2
4.2
4.2
4.2
4.2
4.2
4.2
4.2
4.2
4.2
4.2
4.2
4.2
4.2
4.2
4.2
4.2
4.14
4.14
4.14
4.14
4.14
4.14
4.14
4.14
4.14
4.14
4.14
4.14
4.14
4.14
4.14
4.14
4.14
4.14
4.14
4.14
4.14
4.14
4.14
4.14
4.14
4.14
4.05
4.05
4.05
4.08
4.08
4.08
4.08
4.08
4.08
4.08
4.08
4.08
4.08
4.08
4.08
4.08
4.0
4.0
4.0
4.0
4.0
4.0
4.0
4.0
4.0
4.0
4.0
4.0
4.0
3.95
3.95
3.95
3.95
3.95
3.95
3.95
4.02
4.02
4.02
4.02
4.02
4.02
4.02
4.02
4.02
4.02
4.02
4.02
4.02
4.02
4.02
4.02
4.02
4.02
4.02
4.02
4.11
4.11
4.11
4.11
4.11
4.11
4.11
4.11
4.11
4.11
4.11
4.11
4.11
4.11
4.11
4.11
4.11
4.11
4.11
4.11
4.11
4.04
4.04
4.04
4.04
4.1
4.1
4.1
4.1
4.1
4.1
4.1
4.1
4.1
4.1
4.1
4.1
4.1
4.1
4.1
4.1
4.1
4.1
4.1
4.1
4.1
4.1
4.1
4.1
4.1
4.1
4.1
4.1
4.1
4.1
4.1
4.1
4.1
4.1
4.1
4.1
4.1
4.1
4.1
4.1
4.1
4.1
4.1
4.1
4.1
4.1
4.1
4.1
4.1
4.1
4.1
4.1
4.1
4.1
4.1
4.1
4.1
4.1
4.1
4.1
4.1
4.1
4.1
4.1
4.1
4.1
4.1
4.1
4.1
4.1
4.1
4.1
4.1
4.1
4.1
4.1
4.1
4.1
4.1
4.1
4.1
4.1
4.1
4.1
4.1
4.1
4.1
4.1
4.1
4.1
4.1
4.1
4.1
4.1
4.1
4.1
4.1
4.1
4.1
4.1
4.1
4.1
4.04
4.04
4.04
4.04
4.04
4.04
4.04
4.04
4.04
4.04
4.04
4.04
4.14
4.14
4.14
4.14
4.14
4.14
4.14
4.14
4.14
4.14
4.14
4.14
4.14
4.14
4.14
4.14
4.14
4.14
4.14
4.14
4.14
4.14
4.14
4.14
4.14
4.14
4.14
4.14
4.14
4.14
4.14
4.14
4.14
4.14
4.14
4.14
4.13
4.13
4.13
4.13
4.13
4.13
4.13
4.13
4.13
4.13
4.13
4.13
4.13
4.13
4.13
4.13
4.13
4.19
4.19
4.19
4.19
4.17
4.17
4.17
4.17
4.17
4.17
4.17
4.17
4.17
4.17
4.17
4.17
4.17
4.17
4.17
4.17
4.17
4.17
4.17
4.17
4.17
4.17
4.17
4.17
4.11
4.11
4.11
4.11
4.11
4.11
4.11
4.11
4.11
4.11
4.11
4.11
4.11
4.11
4.11
4.11
4.11
4.11
4.11
4.11
4.11
4.11
4.11
4.11
4.11
4.11
4.11
4.11
4.11
4.11
4.11
4.11
4.11
4.11
4.11
4.11
4.11
4.11
4.11
4.11
4.05
4.05
4.05
4.05
4.05
4.05
4.05
4.05
4.05
4.05
4.05
4.05
4.05
4.05
4.05
4.05
4.05
4.05
4.05
4.0
4.0
4.0
4.0
4.0
4.0
4.0
4.0
4.0
4.0
4.0
4.0
4.0
4.0
4.0
4.0
4.0
4.0
4.0
4.0
4.0
3.95
3.95
3.95
3.95
3.95
3.95
3.95
3.95
3.95
3.95
3.95
3.95
3.95
3.95
3.95
3.95
3.95
3.95
3.95
3.95
3.95
3.95
3.95
3.95
3.95
3.93
3.93
3.93
3.93
3.93
3.93
3.93
3.93
3.93
3.93
3.93
3.93
3.93
3.93
3.93
3.93
3.93
3.93
3.93
3.93
3.93
3.93
3.93
3.93
3.93
3.93
3.93
3.93
3.88
3.88
3.88
3.88
3.88
3.88
3.88
3.88
3.84
3.84
3.84
3.84
3.84
3.84
3.84
3.84
3.84
3.84
3.84
3.84
3.84
3.84
3.84
3.84
3.84
3.84
3.84
3.84
3.84
3.84
3.84
3.84
3.84
3.84
3.84
3.79
3.79
3.79
3.79
3.79
3.79
3.79
3.79
3.79
3.79
3.79
3.79
3.79
3.79
3.79
3.79
3.79
3.79
3.79
3.75
3.75
3.75
3.75
3.75
3.75
3.75
3.75
3.75
3.75
3.75
3.75
3.75
3.75
3.75
3.75
3.75
3.75
3.75
3.75
3.75
3.75
3.71
3.71
3.71
3.71
3.71
3.71
3.71
3.71
3.71
3.71
3.71
3.71
3.71
3.71
3.71
3.71
3.71
3.71
3.71
3.71
3.71
3.71
3.71
3.71
3.71
3.71
3.71
3.71
3.71
3.71
3.71
3.71
3.71
3.71
3.71
3.71
3.71
3.71
3.71
3.71
3.71
3.71
3.71
3.71
3.71
3.71
3.71
3.71
3.71
3.71
3.71
3.71
3.71
3.71
3.71
3.71
3.67
3.67
3.67
3.67
3.67
3.67
3.67
3.77
3.73
3.73
3.73
3.73
3.73
3.73
3.73
3.73
3.73
3.73
3.73
3.73
3.73
3.73
3.73
3.73
3.73
3.73
3.73
3.73
3.73
3.73
3.73
3.73
3.73
3.73
3.73
3.73
3.73
3.7
3.7
3.7
3.7
3.96
3.96
3.96
3.96
3.96
3.96
3.96
3.96
3.96
3.96
3.96
3.96
3.96
3.96
3.96
3.96
3.96
3.96
3.96
3.96
3.96
3.96
3.96
3.96
3.96
3.96
3.96
3.96
3.96
3.96
3.96
3.96
3.96
3.96
3.96
3.96
3.96
3.96
3.96
3.96
3.96
4.01
4.01
4.01
4.01
4.01
4.01
4.01
4.0
4.0
4.0
4.0
4.0
4.0
4.0
4.0
4.0
4.0
4.0
4.0
4.0
3.96
3.96
3.96
3.96
3.96
3.96
3.96
3.96
3.92
3.92
3.92
3.92
3.91
3.88
3.88
3.88
3.88
3.88
3.88
3.88
3.88
3.88
3.88
3.88
3.88
3.88
3.88
3.88
3.88
3.88
3.88
3.88
3.84
3.84
3.84
3.84
3.84
3.84
3.84
3.84
3.84
3.84
3.84
3.84
3.84
3.84
3.84
3.84
3.84
3.84
3.84
3.84
3.84
3.84
3.84
3.84
3.84
3.84
3.84
3.84
3.84
3.84
3.84
3.84
3.84
3.84
3.84
3.84
3.84
3.84
3.84
3.84
3.84
3.84
3.84
3.84
3.84
3.84
3.84
3.84
3.84
3.84
3.84
3.84
3.84
3.84
3.84
3.84
3.84
3.84
3.84
3.84
3.84
3.84
3.84
3.84
3.84
3.84
3.84
3.84
3.84
3.84
3.84
3.84
3.84
3.84
3.84
3.84
3.84
3.81
3.81
3.95
3.95
3.95
3.95
3.95
3.95
3.95
3.95
3.95
3.95
3.95
3.99
3.99
3.99
3.99
3.99
3.99
3.99
3.99
3.99
3.99
3.99
3.99
3.99
3.99
3.99
3.99
3.99
3.99
3.99
3.99
3.99
3.99
3.99
3.99
3.99
3.99
3.99
3.99
3.99
3.99
3.99
3.99
3.99
3.99
3.99
3.99
3.99
3.99
3.99
3.99
3.99
4.02
4.02
3.99
3.99
3.99
3.99
3.99
3.99
3.99
3.99
3.99
3.99
3.99
3.99
3.99
3.99
3.99
3.99
3.99
3.99
3.99
3.99
3.99
3.99
3.99
3.99
3.98
3.98
3.98
3.98
3.98
3.98
3.98
3.98
3.98
3.98
3.98
3.98
3.98
3.98
3.98
3.98
3.98
3.98
3.98
3.98
3.98
3.98
3.98
3.7
3.7
3.7
3.7
3.7
3.7
3.7
3.7
3.7
3.7
3.7
3.7
3.7
3.7
3.7
3.7
3.7
3.7
3.7
3.7
3.74
3.74
3.74
3.74
3.74
3.74
3.74
3.74
3.74
3.74
3.74
3.74
3.74
3.74
3.74
3.74
3.74
3.74
3.74
3.74
3.74
3.74
3.74
3.55
3.55
3.55
3.55
3.55
3.55
3.55
3.55
3.55
3.55
3.52
3.52
3.52
3.52
3.52
3.52
3.52
3.52
3.52
3.52
3.52
3.52
3.52
3.52
3.52
3.52
3.52
3.52
3.5
3.5
3.5
3.5
3.5
3.5
3.5
3.5
3.5
3.42
3.42
3.42
3.42
3.42
3.42
3.42
3.42
3.42
3.42
3.42
3.42
3.42
3.44
3.44
3.44
3.44
3.44
3.44
3.44
3.44
3.44
3.44
3.44
3.44
3.44
3.44
3.44
3.44
3.44
3.44
3.44
3.44
3.44
3.44
3.46
3.46
3.47
3.47
3.47
3.47
3.47
3.47
3.47
3.47
3.47
3.47
3.47
3.47
3.47
3.47
3.47
3.47
3.47
3.47
3.22
3.22
3.22
3.22
3.22
3.22
3.22
3.22
3.22
3.22
3.22
3.22
3.22
3.22
3.22
3.22
3.22
3.22
3.22
3.22
3.22
3.22
3.22
3.22
3.22
3.22
3.22
3.22
3.22
3.22
3.22
3.22
3.22
3.22
3.22
3.22
3.22
3.22
3.22
3.22
3.22
3.22
3.22
3.22
3.22
3.22
3.22
3.22
3.22
3.22
3.22
3.22
3.22
3.22
3.22
3.22
3.22
3.22
3.12
3.12
3.12
3.12
3.12
3.12
3.12
3.12
3.12
3.12
3.12
3.12
3.12
3.12
3.12
3.12
3.12
3.12
3.12
3.12
3.12
3.12
3.12
3.12
3.12
3.12
3.12
3.12
3.12
3.12
3.12
3.12
3.12
3.12
3.12
3.12
3.12
3.12
3.12
3.12
3.12
3.12
3.12
3.12
3.12
3.12
3.12
3.12
3.14
3.14
3.14
3.14
3.12
3.12
3.12
3.12
3.12
3.12
3.12
3.12
3.12
3.12
3.12
3.17
3.17
3.17
3.17
3.17
3.17
3.17
3.17
3.17
3.17
3.17
3.17
3.17
3.17
3.17
3.17
3.17
3.17
3.17
3.15
3.15
3.15
3.15
3.15
3.15
2.82
2.82
2.82
2.82
2.82
2.82
2.82
2.82
2.82
2.82
2.82
2.82
2.82
2.82
2.93
2.93
2.93
2.93
2.93
2.93
2.93
2.93
2.93
2.93
2.93
2.93
2.93
2.93
2.93
2.93
2.93
2.93
2.93
2.93
2.93
2.93
2.93
2.93
2.93
3.03
3.03
3.03
3.03
3.03
3.03
3.03
3.03
3.03
3.03
3.03
3.0
3.03
3.03
3.03
3.03
3.03
3.03
3.03
3.03
3.03
3.03
3.03
3.03
3.03
3.03
3.03
3.03
3.03
3.03
3.06
3.06
3.06
3.06
3.06
3.05
3.11
3.11
3.11
3.11
3.18
3.16
3.16
3.16
3.16
3.16
3.16
3.19
3.19
3.19
3.19
3.19
3.19
3.19
3.22
3.22
3.22
3.22
3.22
3.22
3.22
3.22
3.22
3.22
3.22
3.22
3.22
3.22
3.22
3.22
3.22
3.22
3.22
3.22
3.22
3.22
3.22
3.22
3.22
3.22
3.22
3.22
3.22
3.22
3.22
3.22
3.22
3.22
3.22
3.35
3.35
3.35
3.35
3.35
3.35
3.35
3.34
3.34
3.34
3.34
3.34
3.34
3.34
3.34
3.34
3.34
3.34
3.34
3.34
3.34
3.34
3.34
3.34
3.34
3.34
3.34
3.34
3.32
3.32
3.32
3.32
3.32
3.32
3.32
3.32
3.32
3.32
3.32
3.32
3.32
3.32
3.32
3.32
3.31
3.31
3.31
3.31
3.31
3.31
3.31
3.31
3.31
3.31
3.31
3.31
3.31
3.31
3.33
3.33
3.33
3.33
3.32
3.32
3.32
3.32
3.32
3.32
3.32
3.32
3.38
3.38
3.38
3.38
3.38
3.38
3.38
3.38
3.38
3.38
3.38
3.38
3.38
3.38
3.38
3.38
3.38
3.38
3.38
3.38
3.38
3.38
3.38
3.38
3.38
3.38
3.38
3.38
3.38
3.38
3.38
3.38
3.38
3.38
3.38
3.38
3.38
3.38
3.38
3.38
3.33
3.33
3.33
3.33
3.33
3.33
3.33
3.33
3.33
3.33
3.32
3.32
3.32
3.32
3.32
3.32
3.32
3.32
3.32
3.32
3.32
3.32
3.32
3.32
3.32
3.32
3.32
3.32
3.32
3.32
3.32
3.32
3.32
3.32
3.32
3.32
3.22
3.22
3.22
3.22
3.22
3.22
3.22
3.28
3.28
3.28
3.28
3.26
3.24
3.24
3.24
3.24
3.24
3.24
3.24
3.24
3.24
3.24
3.24
3.24
3.24
3.24
3.24
3.24
3.24
3.24
3.24
3.24
3.24
3.24
3.24
3.24
3.24
3.04
3.04
3.04
3.04
3.04
3.04
3.04
3.04
3.04
3.04
3.04
3.04
3.04
3.04
3.04
3.04
3.04
3.04
3.04
3.04
3.04
3.04
3.04
3.04
3.04
3.04
3.04
3.04
3.04
3.04
3.04
3.04
3.04
3.04
3.04
3.04
3.04
3.04
3.04
3.04
3.04
3.04
3.04
3.04
3.04
3.04
3.04
3.04
3.04
3.04
3.04
3.04
3.04
3.04
3.03
3.03
3.03
3.03
3.03
3.03
3.03
3.03
3.03
3.03
3.03
3.07
3.07
3.07
3.07
3.07
3.07
3.07
3.09
3.09
3.09
3.09
3.09
3.09
3.09
3.09
3.09
3.09
3.09
3.09
3.09
3.09
3.09
3.09
3.09
3.09
3.09
3.09
3.09
3.09
3.09
3.09
3.09
3.09
3.09
3.09
3.09
3.09
3.09
3.09
3.09
3.09
3.09
3.09
3.09
3.09
3.09
3.08
3.1
3.1
3.1
3.1
3.1
3.1
3.1
3.1
3.1
3.1
3.1
3.1
3.15
3.15
3.15
3.15
3.15
3.15
3.15
3.15
3.15
3.15
3.15
3.15
3.15
3.15
3.15
3.15
3.15
3.02
3.02
3.02
3.02
3.02
3.02
3.02
3.02
3.02
3.02
3.02
3.02
3.02
3.02
3.02
3.02
3.02
3.02
3.01
3.01
3.01
3.01
3.01
3.01
3.01
3.01
3.01
3.01
3.01
3.01
3.01
3.01
3.01
3.01
3.01
3.01
3.01
3.01
3.01
3.01
3.01
3.01
3.01
3.01
3.01
3.01
3.01
3.01
3.01
3.01
3.01
3.04
3.04
3.04
3.04
3.04
3.03
3.03
3.03
3.03
3.03
3.03
3.03
3.03
3.03
3.03
3.03
3.03
3.03
3.03
3.03
2.97
2.97
2.97
2.97
2.97
2.97
2.97
2.97
2.96
2.96
2.96
2.96
2.96
2.96
2.96
2.96
2.96
2.95
2.95
2.95
2.95
2.95
2.95
2.95
2.95
2.95
2.95
2.95
2.95
2.95
2.95
2.95
2.95
2.95
2.95
2.95
2.95
2.96
2.98
2.98
2.98
2.98
2.98
2.98
2.98
2.98
2.98
3.06
3.06
3.06
3.06
3.06
3.06
3.06
3.06
3.06
3.05
3.05
3.05
3.05
3.05
3.05
3.05
3.05
3.05
3.05
3.05
3.05
3.05
3.05
3.05
3.05
3.05
3.04
3.04
3.04
3.04
3.04
3.04
3.04
3.04
3.04
3.04
3.04
3.04
3.04
3.04
3.04
3.02
3.02
3.01
3.01
3.01
3.01
3.01
3.01
3.01
3.01
3.01
3.01
3.01
3.0
3.0
3.0
3.0
